{"categories": [{"id": 1, "name": "BoxA"}, {"id": 2, "name": "BoxB"}, {"id": 3, "name": "BoxC"}, {"id": 4, "name": "BoxD"}, {"id": 5, "name": "BoxF"}, {"id": 6, "name": "BoxH"}, {"id": 7, "name": "RackA"}], "annotations": [{"iscrowd": 0, "segmentation": "./masks/BoxA/0.png", "model": "./models/BoxA/model.obj", "category_id": 1, "K": [48000.0, 960.0, 540.0], "bbox": [914.0, 753.0, 115.0, 166.0], "trans_mat": [-0.27420637011528015, 2.1098291873931885, 16.968524932861328], "area": 17735, "image_id": 1, "rot_mat": [[-1.434465985994393e-07, 1.0000001192092896, -3.238072920908053e-08], [0.18051902949810028, 8.948936880415204e-08, -0.9835715889930725], [-0.9835715889930725, -3.238072920908053e-08, -0.18051891028881073]], "voxel": "./models/BoxA/model.mat", "id": 1}, {"iscrowd": 0, "segmentation": "./masks/BoxA/1.png", "model": "./models/BoxA/model.obj", "category_id": 1, "K": [48000.0, 960.0, 540.0], "bbox": [922.0, 769.0, 121.0, 170.0], "trans_mat": [-0.23278120160102844, 2.186302423477173, 16.61408805847168], "area": 18724, "image_id": 2, "rot_mat": [[0.03227639198303223, 0.9994790554046631, 1.0585978316157707e-08], [0.16923415660858154, -0.005465056747198105, -0.9855607748031616], [-0.9850472807884216, 0.03181040287017822, -0.16932231187820435]], "voxel": "./models/BoxA/model.mat", "id": 2}, {"iscrowd": 0, "segmentation": "./masks/BoxA/2.png", "model": "./models/BoxA/model.obj", "category_id": 1, "K": [48000.0, 960.0, 540.0], "bbox": [945.0, 807.0, 143.0, 179.0], "trans_mat": [-0.0863332450389862, 2.345284938812256, 15.721792221069336], "area": 22564, "image_id": 3, "rot_mat": [[0.12237625569105148, 0.9924837946891785, -3.254157832088822e-08], [0.13816460967063904, -0.01703610271215439, -0.9902628064155579], [-0.9828197360038757, 0.12118469178676605, -0.13921090960502625]], "voxel": "./models/BoxA/model.mat", "id": 3}, {"iscrowd": 0, "segmentation": "./masks/BoxA/3.png", "model": "./models/BoxA/model.obj", "category_id": 1, "K": [48000.0, 960.0, 540.0], "bbox": [1005.0, 845.0, 176.0, 190.0], "trans_mat": [0.244649276137352, 2.4639503955841064, 14.645153999328613], "area": 28620, "image_id": 4, "rot_mat": [[0.2585664987564087, 0.9659934639930725, 3.5608184845159485e-08], [0.09215112775564194, -0.024665964767336845, -0.9954394698143005], [-0.9615880250930786, 0.25738731026649475, -0.09539518505334854]], "voxel": "./models/BoxA/model.mat", "id": 4}, {"iscrowd": 0, "segmentation": "./masks/BoxA/4.png", "model": "./models/BoxA/model.obj", "category_id": 1, "K": [48000.0, 960.0, 540.0], "bbox": [1111.0, 863.0, 210.0, 194.0], "trans_mat": [0.7733783721923828, 2.4721686840057373, 13.789464950561523], "area": 34621, "image_id": 5, "rot_mat": [[0.4251948297023773, 0.9051018953323364, -6.078888503679991e-09], [0.03911401703953743, -0.01837480254471302, -0.9990658164024353], [-0.9042563438415527, 0.4247976243495941, -0.04321502894163132]], "voxel": "./models/BoxA/model.mat", "id": 5}, {"iscrowd": 0, "segmentation": "./masks/BoxA/5.png", "model": "./models/BoxA/model.obj", "category_id": 1, "K": [48000.0, 960.0, 540.0], "bbox": [1229.0, 856.0, 230.0, 185.0], "trans_mat": [1.3555492162704468, 2.400254011154175, 13.480545997619629], "area": 37138, "image_id": 6, "rot_mat": [[0.6019445657730103, 0.7985379099845886, 6.800818397323383e-08], [-0.009432666935026646, 0.007110596634447575, -0.9999303221702576], [-0.7984821796417236, 0.6019026637077332, 0.011812561191618443]], "voxel": "./models/BoxA/model.mat", "id": 6}, {"iscrowd": 0, "segmentation": "./masks/BoxA/6.png", "model": "./models/BoxA/model.obj", "category_id": 1, "K": [48000.0, 960.0, 540.0], "bbox": [1292.0, 839.0, 226.0, 166.0], "trans_mat": [1.718435287475586, 2.347248077392578, 13.819965362548828], "area": 34627, "image_id": 7, "rot_mat": [[0.7657082080841064, 0.6431881189346313, 1.6038036676491174e-08], [-0.04121606424450874, 0.04906729608774185, -0.997944712638855], [-0.6418662071228027, 0.7641344666481018, 0.06408091634511948]], "voxel": "./models/BoxA/model.mat", "id": 7}, {"iscrowd": 0, "segmentation": "./masks/BoxA/7.png", "model": "./models/BoxA/model.obj", "category_id": 1, "K": [48000.0, 960.0, 540.0], "bbox": [1252.0, 832.0, 204.0, 148.0], "trans_mat": [1.6031265258789062, 2.3882088661193848, 14.61257553100586], "area": 28763, "image_id": 8, "rot_mat": [[0.8948668241500854, 0.44633325934410095, -5.512454492873076e-09], [-0.048220716416835785, 0.09667912125587463, -0.9941468238830566], [-0.44372081756591797, 0.8896290063858032, 0.10803744941949844]], "voxel": "./models/BoxA/model.mat", "id": 8}, {"iscrowd": 0, "segmentation": "./masks/BoxA/8.png", "model": "./models/BoxA/model.obj", "category_id": 1, "K": [48000.0, 960.0, 540.0], "bbox": [1123.0, 837.0, 177.0, 135.0], "trans_mat": [0.9468474388122559, 2.496642589569092, 15.431608200073242], "area": 23335, "image_id": 9, "rot_mat": [[0.9744457602500916, 0.22462299466133118, 3.29792165798537e-10], [-0.03106122836470604, 0.13474802672863007, -0.9903930425643921], [-0.22246502339839935, 0.9650843143463135, 0.1382817178964615]], "voxel": "./models/BoxA/model.mat", "id": 9}, {"iscrowd": 0, "segmentation": "./masks/BoxA/9.png", "model": "./models/BoxA/model.obj", "category_id": 1, "K": [48000.0, 960.0, 540.0], "bbox": [959.0, 841.0, 163.0, 131.0], "trans_mat": [0.0, 2.55898380279541, 15.794933319091797], "area": 20698, "image_id": 10, "rot_mat": [[1.0, 0.0, 0.0], [0.0, 0.1495354324579239, -0.9887563586235046], [0.0, 0.9887563586235046, 0.1495354324579239]], "voxel": "./models/BoxA/model.mat", "id": 10}, {"iscrowd": 0, "segmentation": "./masks/BoxA/10.png", "model": "./models/BoxA/model.obj", "category_id": 1, "K": [48000.0, 960.0, 540.0], "bbox": [807.0, 841.0, 175.0, 131.0], "trans_mat": [-0.8036558628082275, 2.5513691902160645, 15.74457836151123], "area": 22237, "image_id": 11, "rot_mat": [[0.978177547454834, -0.20777073502540588, -1.1170508962266013e-08], [0.031069079414010048, 0.14627227187156677, -0.9887564182281494], [0.2054346352815628, 0.9671792984008789, 0.14953549206256866]], "voxel": "./models/BoxA/model.mat", "id": 11}, {"iscrowd": 0, "segmentation": "./masks/BoxA/11.png", "model": "./models/BoxA/model.obj", "category_id": 1, "K": [48000.0, 960.0, 540.0], "bbox": [697.0, 840.0, 185.0, 132.0], "trans_mat": [-1.3451714515686035, 2.5346882343292236, 15.634284019470215], "area": 23443, "image_id": 12, "rot_mat": [[0.9204956293106079, -0.3907528221607208, -9.033984227357905e-09], [0.05843138322234154, 0.13764676451683044, -0.9887564182281494], [0.3863593339920044, 0.9101459980010986, 0.14953547716140747]], "voxel": "./models/BoxA/model.mat", "id": 12}, {"iscrowd": 0, "segmentation": "./masks/BoxA/12.png", "model": "./models/BoxA/model.obj", "category_id": 1, "K": [48000.0, 960.0, 540.0], "bbox": [629.0, 839.0, 192.0, 133.0], "trans_mat": [-1.6322999000549316, 2.517416477203369, 15.520076751708984], "area": 24226, "image_id": 13, "rot_mat": [[0.8372626900672913, -0.5468008518218994, 1.7604079971533793e-08], [0.08176609873771667, 0.1252005398273468, -0.9887564778327942], [0.540652871131897, 0.8278489708900452, 0.14953552186489105]], "voxel": "./models/BoxA/model.mat", "id": 13}, {"iscrowd": 0, "segmentation": "./masks/BoxA/13.png", "model": "./models/BoxA/model.obj", "category_id": 1, "K": [48000.0, 960.0, 540.0], "bbox": [601.0, 838.0, 194.0, 134.0], "trans_mat": [-1.696610927581787, 2.5057449340820312, 15.442903518676758], "area": 24362, "image_id": 14, "rot_mat": [[0.736686110496521, -0.6762349009513855, -3.1269102862552245e-09], [0.10112110525369644, 0.11016073077917099, -0.9887563586235046], [0.6686315536499023, 0.7284030914306641, 0.14953550696372986]], "voxel": "./models/BoxA/model.mat", "id": 14}, {"iscrowd": 0, "segmentation": "./masks/BoxA/14.png", "model": "./models/BoxA/model.obj", "category_id": 1, "K": [48000.0, 960.0, 540.0], "bbox": [607.0, 838.0, 190.0, 135.0], "trans_mat": [-1.5836262702941895, 2.5029079914093018, 15.424154281616211], "area": 23777, "image_id": 15, "rot_mat": [[0.6248714327812195, -0.7807276844978333, 3.033166962040923e-08], [0.1167464479804039, 0.09344036877155304, -0.9887563586235046], [0.7719494700431824, 0.6178455948829651, 0.1495354026556015]], "voxel": "./models/BoxA/model.mat", "id": 15}, {"iscrowd": 0, "segmentation": "./masks/BoxA/15.png", "model": "./models/BoxA/model.obj", "category_id": 1, "K": [48000.0, 960.0, 540.0], "bbox": [637.0, 838.0, 182.0, 134.0], "trans_mat": [-1.3442316055297852, 2.509235382080078, 15.46597671508789], "area": 22539, "image_id": 16, "rot_mat": [[0.5060606598854065, -0.8624979853630066, -2.341206339906421e-09], [0.12897400557994843, 0.07567422091960907, -0.988756537437439], [0.8528003692626953, 0.5003709197044373, 0.1495356559753418]], "voxel": "./models/BoxA/model.mat", "id": 16}, {"iscrowd": 0, "segmentation": "./masks/BoxA/16.png", "model": "./models/BoxA/model.obj", "category_id": 1, "K": [48000.0, 960.0, 540.0], "bbox": [683.0, 838.0, 169.0, 134.0], "trans_mat": [-1.0280447006225586, 2.5225720405578613, 15.554170608520508], "area": 20752, "image_id": 17, "rot_mat": [[0.3829742968082428, -0.9237590432167053, -3.693931205361878e-08], [0.1381346881389618, 0.057268302887678146, -0.9887564182281494], [0.9133726358413696, 0.37866830825805664, 0.14953547716140747]], "voxel": "./models/BoxA/model.mat", "id": 17}, {"iscrowd": 0, "segmentation": "./masks/BoxA/17.png", "model": "./models/BoxA/model.obj", "category_id": 1, "K": [48000.0, 960.0, 540.0], "bbox": [737.0, 839.0, 153.0, 133.0], "trans_mat": [-0.6785597801208496, 2.538905382156372, 15.662179946899414], "area": 18464, "image_id": 18, "rot_mat": [[0.2571745216846466, -0.9663649797439575, -1.1049522186112881e-08], [0.14450573921203613, 0.03845670446753502, -0.9887563586235046], [0.955499529838562, 0.25428295135498047, 0.1495353728532791]], "voxel": "./models/BoxA/model.mat", "id": 18}, {"iscrowd": 0, "segmentation": "./masks/BoxA/18.png", "model": "./models/BoxA/model.obj", "category_id": 1, "K": [48000.0, 960.0, 540.0], "bbox": [793.0, 839.0, 134.0, 133.0], "trans_mat": [-0.32922887802124023, 2.5529890060424805, 15.755295753479004], "area": 16250, "image_id": 19, "rot_mat": [[0.12942054867744446, -0.9915900230407715, -1.19512257867882e-08], [0.14827780425548553, 0.019353274255990982, -0.9887566566467285], [0.9804409742355347, 0.12796564400196075, 0.14953570067882538]], "voxel": "./models/BoxA/model.mat", "id": 19}, {"iscrowd": 0, "segmentation": "./masks/BoxA/19.png", "model": "./models/BoxA/model.obj", "category_id": 1, "K": [48000.0, 960.0, 540.0], "bbox": [847.0, 839.0, 113.0, 133.0], "trans_mat": [-4.219163656671299e-06, 2.5589840412139893, 15.794937133789062], "area": 13951, "image_id": 20, "rot_mat": [[-2.6311951728530403e-07, -1.000000238418579, 5.496778854308104e-08], [0.14953544735908508, 1.3530761577840167e-07, -0.9887565970420837], [0.9887565970420837, -5.496778854308104e-08, 0.1495356410741806]], "voxel": "./models/BoxA/model.mat", "id": 20}, {"iscrowd": 0, "segmentation": "./masks/BoxA/20.png", "model": "./models/BoxA/model.obj", "category_id": 1, "K": [48000.0, 960.0, 540.0], "bbox": [881.0, 836.0, 131.0, 134.0], "trans_mat": [0.30894115567207336, 2.536977529525757, 15.745867729187012], "area": 15975, "image_id": 21, "rot_mat": [[-0.13080339133739471, -0.9914083480834961, -8.375364757284842e-08], [0.13707949221134186, -0.018085738644003868, -0.9903949499130249], [0.9818857908248901, -0.12954699993133545, 0.13826744258403778]], "voxel": "./models/BoxA/model.mat", "id": 21}, {"iscrowd": 0, "segmentation": "./masks/BoxA/21.png", "model": "./models/BoxA/model.obj", "category_id": 1, "K": [48000.0, 960.0, 540.0], "bbox": [913.0, 829.0, 151.0, 136.0], "trans_mat": [0.6139352321624756, 2.486487865447998, 15.640454292297363], "area": 19037, "image_id": 22, "rot_mat": [[-0.26196208596229553, -0.9650781750679016, 3.1901898012165475e-08], [0.10383937507867813, -0.028186338022351265, -0.9941946268081665], [0.9594755172729492, -0.26044130325317383, 0.10759685933589935]], "voxel": "./models/BoxA/model.mat", "id": 22}, {"iscrowd": 0, "segmentation": "./masks/BoxA/22.png", "model": "./models/BoxA/model.obj", "category_id": 1, "K": [48000.0, 960.0, 540.0], "bbox": [947.0, 819.0, 169.0, 142.0], "trans_mat": [0.915559709072113, 2.429901599884033, 15.547670364379883], "area": 22082, "image_id": 23, "rot_mat": [[-0.39197230339050293, -0.9199773669242859, 6.03507359642208e-08], [0.057240359485149384, -0.024388078600168228, -0.9980627298355103], [0.9181948900222778, -0.3912126123905182, 0.06221957504749298]], "voxel": "./models/BoxA/model.mat", "id": 23}, {"iscrowd": 0, "segmentation": "./masks/BoxA/23.png", "model": "./models/BoxA/model.obj", "category_id": 1, "K": [48000.0, 960.0, 540.0], "bbox": [981.0, 806.0, 183.0, 151.0], "trans_mat": [1.1944741010665894, 2.3778064250946045, 15.53197956085205], "area": 24554, "image_id": 24, "rot_mat": [[-0.5188322067260742, -0.8548762798309326, 4.928510577428824e-08], [0.005944325588643551, -0.003607619320973754, -0.9999759197235107], [0.8548555970191956, -0.5188195705413818, 0.006953567732125521]], "voxel": "./models/BoxA/model.mat", "id": 24}, {"iscrowd": 0, "segmentation": "./masks/BoxA/24.png", "model": "./models/BoxA/model.obj", "category_id": 1, "K": [48000.0, 960.0, 540.0], "bbox": [1009.0, 794.0, 191.0, 157.0], "trans_mat": [1.4146955013275146, 2.3245606422424316, 15.637722969055176], "area": 25907, "image_id": 25, "rot_mat": [[-0.6398723721504211, -0.7684810757637024, 8.754696523283201e-08], [-0.04088887944817543, 0.034045781940221786, -0.9985834360122681], [0.7673925161361694, -0.6389660239219666, -0.05320736765861511]], "voxel": "./models/BoxA/model.mat", "id": 25}, {"iscrowd": 0, "segmentation": "./masks/BoxA/25.png", "model": "./models/BoxA/model.obj", "category_id": 1, "K": [48000.0, 960.0, 540.0], "bbox": [1023.0, 780.0, 194.0, 160.0], "trans_mat": [1.5284416675567627, 2.2545769214630127, 15.876032829284668], "area": 26554, "image_id": 26, "rot_mat": [[-0.751587986946106, -0.6596331596374512, -5.383548185022846e-08], [-0.07465419918298721, 0.08506140857934952, -0.9935751557350159], [0.6553950309753418, -0.7467589378356934, -0.11317528039216995]], "voxel": "./models/BoxA/model.mat", "id": 26}, {"iscrowd": 0, "segmentation": "./masks/BoxA/26.png", "model": "./models/BoxA/model.obj", "category_id": 1, "K": [48000.0, 960.0, 540.0], "bbox": [1014.0, 763.0, 191.0, 160.0], "trans_mat": [1.4829554557800293, 2.15606427192688, 16.21759796142578], "area": 26192, "image_id": 27, "rot_mat": [[-0.8494975566864014, -0.5275928378105164, -1.0221764767948116e-07], [-0.0885959342122078, 0.1426519751548767, -0.9857998490333557], [0.5201008915901184, -0.8374344110488892, -0.1679249256849289]], "voxel": "./models/BoxA/model.mat", "id": 27}, {"iscrowd": 0, "segmentation": "./masks/BoxA/27.png", "model": "./models/BoxA/model.obj", "category_id": 1, "K": [48000.0, 960.0, 540.0], "bbox": [977.0, 744.0, 182.0, 157.0], "trans_mat": [1.2297778129577637, 2.0356078147888184, 16.593568801879883], "area": 25001, "image_id": 28, "rot_mat": [[-0.9280630350112915, -0.3724234700202942, -4.794742380909156e-11], [-0.07919023185968399, 0.19733864068984985, -0.9771317839622498], [0.3639068007469177, -0.9068397879600525, -0.2126348614692688]], "voxel": "./models/BoxA/model.mat", "id": 28}, {"iscrowd": 0, "segmentation": "./masks/BoxA/28.png", "model": "./models/BoxA/model.obj", "category_id": 1, "K": [48000.0, 960.0, 540.0], "bbox": [907.0, 731.0, 170.0, 150.0], "trans_mat": [0.736458957195282, 1.9255837202072144, 16.90431785583496], "area": 23548, "image_id": 29, "rot_mat": [[-0.9807079434394836, -0.1954786777496338, -3.8732090956727916e-07], [-0.047447770833969116, 0.23804530501365662, -0.9700943827629089], [0.1896328628063202, -0.9513792991638184, -0.24272795021533966]], "voxel": "./models/BoxA/model.mat", "id": 29}, {"iscrowd": 0, "segmentation": "./masks/BoxA/29.png", "model": "./models/BoxA/model.obj", "category_id": 1, "K": [48000.0, 960.0, 540.0], "bbox": [804.0, 728.0, 157.0, 145.0], "trans_mat": [-1.3987647662361269e-06, 1.8772573471069336, 17.0339298248291], "area": 22183, "image_id": 30, "rot_mat": [[-1.0000004768371582, 8.742279788975793e-08, 7.53662303192796e-15], [2.2184226011745523e-08, 0.2537582516670227, -0.9672679305076599], [-8.456125755174071e-08, -0.9672679305076599, -0.2537578046321869]], "voxel": "./models/BoxA/model.mat", "id": 30}, {"iscrowd": 0, "segmentation": "./masks/BoxA/30.png", "model": "./models/BoxA/model.obj", "category_id": 1, "K": [48000.0, 960.0, 540.0], "bbox": [663.0, 743.0, 174.0, 159.0], "trans_mat": [-0.8784192204475403, 1.9507670402526855, 16.753747940063477], "area": 24277, "image_id": 31, "rot_mat": [[-0.9783494472503662, 0.2069593071937561, 1.269475404797049e-07], [0.05251744017004967, 0.2482639104127884, -0.9672677516937256], [-0.20018510520458221, -0.946325957775116, -0.25375792384147644]], "voxel": "./models/BoxA/model.mat", "id": 31}, {"iscrowd": 0, "segmentation": "./masks/BoxA/31.png", "model": "./models/BoxA/model.obj", "category_id": 1, "K": [48000.0, 960.0, 540.0], "bbox": [540.0, 782.0, 196.0, 177.0], "trans_mat": [-1.5706385374069214, 2.126934051513672, 16.082246780395508], "area": 28473, "image_id": 32, "rot_mat": [[-0.9117432832717896, 0.41075995564460754, 5.3198679239585545e-08], [0.1042335107922554, 0.23136192560195923, -0.9672676920890808], [-0.3973148763179779, -0.8819000124931335, -0.25375792384147644]], "voxel": "./models/BoxA/model.mat", "id": 32}, {"iscrowd": 0, "segmentation": "./masks/BoxA/32.png", "model": "./models/BoxA/model.obj", "category_id": 1, "K": [48000.0, 960.0, 540.0], "bbox": [482.0, 829.0, 214.0, 197.0], "trans_mat": [-1.8580560684204102, 2.3247814178466797, 15.328080177307129], "area": 33092, "image_id": 33, "rot_mat": [[-0.803408145904541, 0.5954288840293884, 4.843229817197425e-09], [0.15109483897686005, 0.20387127995491028, -0.9672677516937256], [-0.5759391188621521, -0.7771106958389282, -0.2537579834461212]], "voxel": "./models/BoxA/model.mat", "id": 33}, {"iscrowd": 0, "segmentation": "./masks/BoxA/33.png", "model": "./models/BoxA/model.obj", "category_id": 1, "K": [48000.0, 960.0, 540.0], "bbox": [510.0, 866.0, 221.0, 211.0], "trans_mat": [-1.7275590896606445, 2.466348648071289, 14.788464546203613], "area": 36081, "image_id": 34, "rot_mat": [[-0.6634805798530579, 0.748193621635437, -7.010044100752566e-08], [0.18986009061336517, 0.16836342215538025, -0.9672678112983704], [-0.7237035632133484, -0.6417633295059204, -0.25375786423683167]], "voxel": "./models/BoxA/model.mat", "id": 34}, {"iscrowd": 0, "segmentation": "./masks/BoxA/34.png", "model": "./models/BoxA/model.obj", "category_id": 1, "K": [48000.0, 960.0, 540.0], "bbox": [610.0, 874.0, 210.0, 206.0], "trans_mat": [-1.320397138595581, 2.5022084712982178, 14.65177059173584], "area": 35275, "image_id": 35, "rot_mat": [[-0.5068836808204651, 0.8620147109031677, -3.261752112848626e-08], [0.21874310076236725, 0.12862583994865417, -0.9672678709030151], [-0.8337990045547485, -0.49029213190078735, -0.2537578344345093]], "voxel": "./models/BoxA/model.mat", "id": 35}, {"iscrowd": 0, "segmentation": "./masks/BoxA/35.png", "model": "./models/BoxA/model.obj", "category_id": 1, "K": [48000.0, 960.0, 540.0], "bbox": [737.0, 849.0, 185.0, 212.0], "trans_mat": [-0.8349615931510925, 2.4248623847961426, 14.946598052978516], "area": 31562, "image_id": 36, "rot_mat": [[-0.3503798842430115, 0.9366079568862915, -4.939087361321981e-08], [0.23767177760601044, 0.08891180157661438, -0.9672679305076599], [-0.905950665473938, -0.3389109969139099, -0.25375786423683167]], "voxel": "./models/BoxA/model.mat", "id": 36}, {"iscrowd": 0, "segmentation": "./masks/BoxA/36.png", "model": "./models/BoxA/model.obj", "category_id": 1, "K": [48000.0, 960.0, 540.0], "bbox": [844.0, 807.0, 155.0, 198.0], "trans_mat": [-0.43028557300567627, 2.2659595012664795, 15.55230712890625], "area": 26219, "image_id": 37, "rot_mat": [[-0.20979000627994537, 0.9777467250823975, -2.1301360675352043e-08], [0.24811094999313354, 0.05323600396513939, -0.9672679901123047], [-0.9457429051399231, -0.20292292535305023, -0.2537577450275421]], "voxel": "./models/BoxA/model.mat", "id": 37}, {"iscrowd": 0, "segmentation": "./masks/BoxA/37.png", "model": "./models/BoxA/model.obj", "category_id": 1, "K": [48000.0, 960.0, 540.0], "bbox": [913.0, 762.0, 129.0, 186.0], "trans_mat": [-0.17240168154239655, 2.081688165664673, 16.254703521728516], "area": 21520, "image_id": 38, "rot_mat": [[-0.09822244942188263, 0.9951645135879517, 4.163593203543314e-08], [0.25253087282180786, 0.024924766272306442, -0.9672677516937256], [-0.9625905156135559, -0.09500739723443985, -0.25375792384147644]], "voxel": "./models/BoxA/model.mat", "id": 38}, {"iscrowd": 0, "segmentation": "./masks/BoxA/38.png", "model": "./models/BoxA/model.obj", "category_id": 1, "K": [48000.0, 960.0, 540.0], "bbox": [949.0, 730.0, 116.0, 175.0], "trans_mat": [-0.04256761819124222, 1.9345347881317139, 16.815622329711914], "area": 18845, "image_id": 39, "rot_mat": [[-0.02570297010242939, 0.99966961145401, 2.0756054652792955e-08], [0.2536740303039551, 0.0065223402343690395, -0.9672677516937256], [-0.9669482111930847, -0.024861661717295647, -0.25375786423683167]], "voxel": "./models/BoxA/model.mat", "id": 39}, {"iscrowd": 0, "segmentation": "./masks/BoxB/0.png", "model": "./models/BoxB/model.obj", "category_id": 2, "K": [48000.0, 960.0, 540.0], "bbox": [915.0, 786.0, 167.0, 122.0], "trans_mat": [-0.27420637011528015, 2.1098291873931885, 16.968524932861328], "area": 20273, "image_id": 40, "rot_mat": [[-1.434465985994393e-07, 1.0000001192092896, -3.238072920908053e-08], [0.18051902949810028, 8.948936880415204e-08, -0.9835715889930725], [-0.9835715889930725, -3.238072920908053e-08, -0.18051891028881073]], "voxel": "./models/BoxB/model.mat", "id": 40}, {"iscrowd": 0, "segmentation": "./masks/BoxB/1.png", "model": "./models/BoxB/model.obj", "category_id": 2, "K": [48000.0, 960.0, 540.0], "bbox": [923.0, 802.0, 173.0, 126.0], "trans_mat": [-0.23278120160102844, 2.186302423477173, 16.61408805847168], "area": 21271, "image_id": 41, "rot_mat": [[0.03227639198303223, 0.9994790554046631, 1.0585978316157707e-08], [0.16923415660858154, -0.005465056747198105, -0.9855607748031616], [-0.9850472807884216, 0.03181040287017822, -0.16932231187820435]], "voxel": "./models/BoxB/model.mat", "id": 41}, {"iscrowd": 0, "segmentation": "./masks/BoxB/2.png", "model": "./models/BoxB/model.obj", "category_id": 2, "K": [48000.0, 960.0, 540.0], "bbox": [946.0, 840.0, 194.0, 135.0], "trans_mat": [-0.0863332450389862, 2.345284938812256, 15.721792221069336], "area": 24489, "image_id": 42, "rot_mat": [[0.12237625569105148, 0.9924837946891785, -3.254157832088822e-08], [0.13816460967063904, -0.01703610271215439, -0.9902628064155579], [-0.9828197360038757, 0.12118469178676605, -0.13921090960502625]], "voxel": "./models/BoxB/model.mat", "id": 42}, {"iscrowd": 0, "segmentation": "./masks/BoxB/3.png", "model": "./models/BoxB/model.obj", "category_id": 2, "K": [48000.0, 960.0, 540.0], "bbox": [1006.0, 878.0, 222.0, 146.0], "trans_mat": [0.244649276137352, 2.4639503955841064, 14.645153999328613], "area": 28959, "image_id": 43, "rot_mat": [[0.2585664987564087, 0.9659934639930725, 3.5608184845159485e-08], [0.09215112775564194, -0.024665964767336845, -0.9954394698143005], [-0.9615880250930786, 0.25738731026649475, -0.09539518505334854]], "voxel": "./models/BoxB/model.mat", "id": 43}, {"iscrowd": 0, "segmentation": "./masks/BoxB/4.png", "model": "./models/BoxB/model.obj", "category_id": 2, "K": [48000.0, 960.0, 540.0], "bbox": [1111.0, 896.0, 246.0, 152.0], "trans_mat": [0.7733783721923828, 2.4721686840057373, 13.789464950561523], "area": 32527, "image_id": 44, "rot_mat": [[0.4251948297023773, 0.9051018953323364, -6.078888503679991e-09], [0.03911401703953743, -0.01837480254471302, -0.9990658164024353], [-0.9042563438415527, 0.4247976243495941, -0.04321502894163132]], "voxel": "./models/BoxB/model.mat", "id": 44}, {"iscrowd": 0, "segmentation": "./masks/BoxB/5.png", "model": "./models/BoxB/model.obj", "category_id": 2, "K": [48000.0, 960.0, 540.0], "bbox": [1229.0, 889.0, 249.0, 145.0], "trans_mat": [1.3555492162704468, 2.400254011154175, 13.480545997619629], "area": 31772, "image_id": 45, "rot_mat": [[0.6019445657730103, 0.7985379099845886, 6.800818397323383e-08], [-0.009432666935026646, 0.007110596634447575, -0.9999303221702576], [-0.7984821796417236, 0.6019026637077332, 0.011812561191618443]], "voxel": "./models/BoxB/model.mat", "id": 45}, {"iscrowd": 0, "segmentation": "./masks/BoxB/6.png", "model": "./models/BoxB/model.obj", "category_id": 2, "K": [48000.0, 960.0, 540.0], "bbox": [1292.0, 875.0, 226.0, 127.0], "trans_mat": [1.718435287475586, 2.347248077392578, 13.819965362548828], "area": 26496, "image_id": 46, "rot_mat": [[0.7657082080841064, 0.6431881189346313, 1.6038036676491174e-08], [-0.04121606424450874, 0.04906729608774185, -0.997944712638855], [-0.6418662071228027, 0.7641344666481018, 0.06408091634511948]], "voxel": "./models/BoxB/model.mat", "id": 46}, {"iscrowd": 0, "segmentation": "./masks/BoxB/7.png", "model": "./models/BoxB/model.obj", "category_id": 2, "K": [48000.0, 960.0, 540.0], "bbox": [1252.0, 869.0, 189.0, 109.0], "trans_mat": [1.6031265258789062, 2.3882088661193848, 14.61257553100586], "area": 19791, "image_id": 47, "rot_mat": [[0.8948668241500854, 0.44633325934410095, -5.512454492873076e-09], [-0.048220716416835785, 0.09667912125587463, -0.9941468238830566], [-0.44372081756591797, 0.8896290063858032, 0.10803744941949844]], "voxel": "./models/BoxB/model.mat", "id": 47}, {"iscrowd": 0, "segmentation": "./masks/BoxB/8.png", "model": "./models/BoxB/model.obj", "category_id": 2, "K": [48000.0, 960.0, 540.0], "bbox": [1123.0, 871.0, 152.0, 100.0], "trans_mat": [0.9468474388122559, 2.496642589569092, 15.431608200073242], "area": 14809, "image_id": 48, "rot_mat": [[0.9744457602500916, 0.22462299466133118, 3.29792165798537e-10], [-0.03106122836470604, 0.13474802672863007, -0.9903930425643921], [-0.22246502339839935, 0.9650843143463135, 0.1382817178964615]], "voxel": "./models/BoxB/model.mat", "id": 48}, {"iscrowd": 0, "segmentation": "./masks/BoxB/9.png", "model": "./models/BoxB/model.obj", "category_id": 2, "K": [48000.0, 960.0, 540.0], "bbox": [960.0, 874.0, 129.0, 98.0], "trans_mat": [0.0, 2.55898380279541, 15.794933319091797], "area": 12302, "image_id": 49, "rot_mat": [[1.0, 0.0, 0.0], [0.0, 0.1495354324579239, -0.9887563586235046], [0.0, 0.9887563586235046, 0.1495354324579239]], "voxel": "./models/BoxB/model.mat", "id": 49}, {"iscrowd": 0, "segmentation": "./masks/BoxB/10.png", "model": "./models/BoxB/model.obj", "category_id": 2, "K": [48000.0, 960.0, 540.0], "bbox": [799.0, 875.0, 151.0, 97.0], "trans_mat": [-0.8036558628082275, 2.5513691902160645, 15.74457836151123], "area": 14359, "image_id": 50, "rot_mat": [[0.978177547454834, -0.20777073502540588, -1.1170508962266013e-08], [0.031069079414010048, 0.14627227187156677, -0.9887564182281494], [0.2054346352815628, 0.9671792984008789, 0.14953549206256866]], "voxel": "./models/BoxB/model.mat", "id": 50}, {"iscrowd": 0, "segmentation": "./masks/BoxB/11.png", "model": "./models/BoxB/model.obj", "category_id": 2, "K": [48000.0, 960.0, 540.0], "bbox": [681.0, 875.0, 171.0, 97.0], "trans_mat": [-1.3451714515686035, 2.5346882343292236, 15.634284019470215], "area": 16278, "image_id": 51, "rot_mat": [[0.9204956293106079, -0.3907528221607208, -9.033984227357905e-09], [0.05843138322234154, 0.13764676451683044, -0.9887564182281494], [0.3863593339920044, 0.9101459980010986, 0.14953547716140747]], "voxel": "./models/BoxB/model.mat", "id": 51}, {"iscrowd": 0, "segmentation": "./masks/BoxB/12.png", "model": "./models/BoxB/model.obj", "category_id": 2, "K": [48000.0, 960.0, 540.0], "bbox": [605.0, 875.0, 188.0, 97.0], "trans_mat": [-1.6322999000549316, 2.517416477203369, 15.520076751708984], "area": 17948, "image_id": 52, "rot_mat": [[0.8372626900672913, -0.5468008518218994, 1.7604079971533793e-08], [0.08176609873771667, 0.1252005398273468, -0.9887564778327942], [0.540652871131897, 0.8278489708900452, 0.14953552186489105]], "voxel": "./models/BoxB/model.mat", "id": 52}, {"iscrowd": 0, "segmentation": "./masks/BoxB/13.png", "model": "./models/BoxB/model.obj", "category_id": 2, "K": [48000.0, 960.0, 540.0], "bbox": [569.0, 875.0, 201.0, 97.0], "trans_mat": [-1.696610927581787, 2.5057449340820312, 15.442903518676758], "area": 19204, "image_id": 53, "rot_mat": [[0.736686110496521, -0.6762349009513855, -3.1269102862552245e-09], [0.10112110525369644, 0.11016073077917099, -0.9887563586235046], [0.6686315536499023, 0.7284030914306641, 0.14953550696372986]], "voxel": "./models/BoxB/model.mat", "id": 53}, {"iscrowd": 0, "segmentation": "./masks/BoxB/14.png", "model": "./models/BoxB/model.obj", "category_id": 2, "K": [48000.0, 960.0, 540.0], "bbox": [567.0, 875.0, 208.0, 97.0], "trans_mat": [-1.5836262702941895, 2.5029079914093018, 15.424154281616211], "area": 19909, "image_id": 54, "rot_mat": [[0.6248714327812195, -0.7807276844978333, 3.033166962040923e-08], [0.1167464479804039, 0.09344036877155304, -0.9887563586235046], [0.7719494700431824, 0.6178455948829651, 0.1495354026556015]], "voxel": "./models/BoxB/model.mat", "id": 54}, {"iscrowd": 0, "segmentation": "./masks/BoxB/15.png", "model": "./models/BoxB/model.obj", "category_id": 2, "K": [48000.0, 960.0, 540.0], "bbox": [591.0, 875.0, 210.0, 97.0], "trans_mat": [-1.3442316055297852, 2.509235382080078, 15.46597671508789], "area": 20080, "image_id": 55, "rot_mat": [[0.5060606598854065, -0.8624979853630066, -2.341206339906421e-09], [0.12897400557994843, 0.07567422091960907, -0.988756537437439], [0.8528003692626953, 0.5003709197044373, 0.1495356559753418]], "voxel": "./models/BoxB/model.mat", "id": 55}, {"iscrowd": 0, "segmentation": "./masks/BoxB/16.png", "model": "./models/BoxB/model.obj", "category_id": 2, "K": [48000.0, 960.0, 540.0], "bbox": [632.0, 875.0, 207.0, 97.0], "trans_mat": [-1.0280447006225586, 2.5225720405578613, 15.554170608520508], "area": 19721, "image_id": 56, "rot_mat": [[0.3829742968082428, -0.9237590432167053, -3.693931205361878e-08], [0.1381346881389618, 0.057268302887678146, -0.9887564182281494], [0.9133726358413696, 0.37866830825805664, 0.14953547716140747]], "voxel": "./models/BoxB/model.mat", "id": 56}, {"iscrowd": 0, "segmentation": "./masks/BoxB/17.png", "model": "./models/BoxB/model.obj", "category_id": 2, "K": [48000.0, 960.0, 540.0], "bbox": [683.0, 876.0, 198.0, 96.0], "trans_mat": [-0.6785597801208496, 2.538905382156372, 15.662179946899414], "area": 18864, "image_id": 57, "rot_mat": [[0.2571745216846466, -0.9663649797439575, -1.1049522186112881e-08], [0.14450573921203613, 0.03845670446753502, -0.9887563586235046], [0.955499529838562, 0.25428295135498047, 0.1495353728532791]], "voxel": "./models/BoxB/model.mat", "id": 57}, {"iscrowd": 0, "segmentation": "./masks/BoxB/18.png", "model": "./models/BoxB/model.obj", "category_id": 2, "K": [48000.0, 960.0, 540.0], "bbox": [736.0, 876.0, 187.0, 96.0], "trans_mat": [-0.32922887802124023, 2.5529890060424805, 15.755295753479004], "area": 17805, "image_id": 58, "rot_mat": [[0.12942054867744446, -0.9915900230407715, -1.19512257867882e-08], [0.14827780425548553, 0.019353274255990982, -0.9887566566467285], [0.9804409742355347, 0.12796564400196075, 0.14953570067882538]], "voxel": "./models/BoxB/model.mat", "id": 58}, {"iscrowd": 0, "segmentation": "./masks/BoxB/19.png", "model": "./models/BoxB/model.obj", "category_id": 2, "K": [48000.0, 960.0, 540.0], "bbox": [789.0, 876.0, 171.0, 96.0], "trans_mat": [-4.219163656671299e-06, 2.5589840412139893, 15.794937133789062], "area": 16413, "image_id": 59, "rot_mat": [[-2.6311951728530403e-07, -1.000000238418579, 5.496778854308104e-08], [0.14953544735908508, 1.3530761577840167e-07, -0.9887565970420837], [0.9887565970420837, -5.496778854308104e-08, 0.1495356410741806]], "voxel": "./models/BoxB/model.mat", "id": 59}, {"iscrowd": 0, "segmentation": "./masks/BoxB/20.png", "model": "./models/BoxB/model.obj", "category_id": 2, "K": [48000.0, 960.0, 540.0], "bbox": [830.0, 873.0, 182.0, 97.0], "trans_mat": [0.30894115567207336, 2.536977529525757, 15.745867729187012], "area": 17527, "image_id": 60, "rot_mat": [[-0.13080339133739471, -0.9914083480834961, -8.375364757284842e-08], [0.13707949221134186, -0.018085738644003868, -0.9903949499130249], [0.9818857908248901, -0.12954699993133545, 0.13826744258403778]], "voxel": "./models/BoxB/model.mat", "id": 60}, {"iscrowd": 0, "segmentation": "./masks/BoxB/21.png", "model": "./models/BoxB/model.obj", "category_id": 2, "K": [48000.0, 960.0, 540.0], "bbox": [867.0, 864.0, 197.0, 102.0], "trans_mat": [0.6139352321624756, 2.486487865447998, 15.640454292297363], "area": 19698, "image_id": 61, "rot_mat": [[-0.26196208596229553, -0.9650781750679016, 3.1901898012165475e-08], [0.10383937507867813, -0.028186338022351265, -0.9941946268081665], [0.9594755172729492, -0.26044130325317383, 0.10759685933589935]], "voxel": "./models/BoxB/model.mat", "id": 61}, {"iscrowd": 0, "segmentation": "./masks/BoxB/22.png", "model": "./models/BoxB/model.obj", "category_id": 2, "K": [48000.0, 960.0, 540.0], "bbox": [907.0, 851.0, 209.0, 112.0], "trans_mat": [0.915559709072113, 2.429901599884033, 15.547670364379883], "area": 21973, "image_id": 62, "rot_mat": [[-0.39197230339050293, -0.9199773669242859, 6.03507359642208e-08], [0.057240359485149384, -0.024388078600168228, -0.9980627298355103], [0.9181948900222778, -0.3912126123905182, 0.06221957504749298]], "voxel": "./models/BoxB/model.mat", "id": 62}, {"iscrowd": 0, "segmentation": "./masks/BoxB/23.png", "model": "./models/BoxB/model.obj", "category_id": 2, "K": [48000.0, 960.0, 540.0], "bbox": [949.0, 838.0, 215.0, 123.0], "trans_mat": [1.1944741010665894, 2.3778064250946045, 15.53197956085205], "area": 23691, "image_id": 63, "rot_mat": [[-0.5188322067260742, -0.8548762798309326, 4.928510577428824e-08], [0.005944325588643551, -0.003607619320973754, -0.9999759197235107], [0.8548555970191956, -0.5188195705413818, 0.006953567732125521]], "voxel": "./models/BoxB/model.mat", "id": 63}, {"iscrowd": 0, "segmentation": "./masks/BoxB/24.png", "model": "./models/BoxB/model.obj", "category_id": 2, "K": [48000.0, 960.0, 540.0], "bbox": [986.0, 823.0, 215.0, 136.0], "trans_mat": [1.4146955013275146, 2.3245606422424316, 15.637722969055176], "area": 24641, "image_id": 64, "rot_mat": [[-0.6398723721504211, -0.7684810757637024, 8.754696523283201e-08], [-0.04088887944817543, 0.034045781940221786, -0.9985834360122681], [0.7673925161361694, -0.6389660239219666, -0.05320736765861511]], "voxel": "./models/BoxB/model.mat", "id": 64}, {"iscrowd": 0, "segmentation": "./masks/BoxB/25.png", "model": "./models/BoxB/model.obj", "category_id": 2, "K": [48000.0, 960.0, 540.0], "bbox": [1010.0, 806.0, 207.0, 146.0], "trans_mat": [1.5284416675567627, 2.2545769214630127, 15.876032829284668], "area": 24561, "image_id": 65, "rot_mat": [[-0.751587986946106, -0.6596331596374512, -5.383548185022846e-08], [-0.07465419918298721, 0.08506140857934952, -0.9935751557350159], [0.6553950309753418, -0.7467589378356934, -0.11317528039216995]], "voxel": "./models/BoxB/model.mat", "id": 65}, {"iscrowd": 0, "segmentation": "./masks/BoxB/26.png", "model": "./models/BoxB/model.obj", "category_id": 2, "K": [48000.0, 960.0, 540.0], "bbox": [1011.0, 786.0, 194.0, 152.0], "trans_mat": [1.4829554557800293, 2.15606427192688, 16.21759796142578], "area": 23579, "image_id": 66, "rot_mat": [[-0.8494975566864014, -0.5275928378105164, -1.0221764767948116e-07], [-0.0885959342122078, 0.1426519751548767, -0.9857998490333557], [0.5201008915901184, -0.8374344110488892, -0.1679249256849289]], "voxel": "./models/BoxB/model.mat", "id": 66}, {"iscrowd": 0, "segmentation": "./masks/BoxB/27.png", "model": "./models/BoxB/model.obj", "category_id": 2, "K": [48000.0, 960.0, 540.0], "bbox": [984.0, 766.0, 175.0, 153.0], "trans_mat": [1.2297778129577637, 2.0356078147888184, 16.593568801879883], "area": 21913, "image_id": 67, "rot_mat": [[-0.9280630350112915, -0.3724234700202942, -4.794742380909156e-11], [-0.07919023185968399, 0.19733864068984985, -0.9771317839622498], [0.3639068007469177, -0.9068397879600525, -0.2126348614692688]], "voxel": "./models/BoxB/model.mat", "id": 67}, {"iscrowd": 0, "segmentation": "./masks/BoxB/28.png", "model": "./models/BoxB/model.obj", "category_id": 2, "K": [48000.0, 960.0, 540.0], "bbox": [925.0, 750.0, 152.0, 152.0], "trans_mat": [0.736458957195282, 1.9255837202072144, 16.90431785583496], "area": 19973, "image_id": 68, "rot_mat": [[-0.9807079434394836, -0.1954786777496338, -3.8732090956727916e-07], [-0.047447770833969116, 0.23804530501365662, -0.9700943827629089], [0.1896328628063202, -0.9513792991638184, -0.24272795021533966]], "voxel": "./models/BoxB/model.mat", "id": 68}, {"iscrowd": 0, "segmentation": "./masks/BoxB/29.png", "model": "./models/BoxB/model.obj", "category_id": 2, "K": [48000.0, 960.0, 540.0], "bbox": [832.0, 749.0, 128.0, 145.0], "trans_mat": [-1.3987647662361269e-06, 1.8772573471069336, 17.0339298248291], "area": 18062, "image_id": 69, "rot_mat": [[-1.0000004768371582, 8.742279788975793e-08, 7.53662303192796e-15], [2.2184226011745523e-08, 0.2537582516670227, -0.9672679305076599], [-8.456125755174071e-08, -0.9672679305076599, -0.2537578046321869]], "voxel": "./models/BoxB/model.mat", "id": 69}, {"iscrowd": 0, "segmentation": "./masks/BoxB/30.png", "model": "./models/BoxB/model.obj", "category_id": 2, "K": [48000.0, 960.0, 540.0], "bbox": [697.0, 766.0, 149.0, 155.0], "trans_mat": [-0.8784192204475403, 1.9507670402526855, 16.753747940063477], "area": 20464, "image_id": 70, "rot_mat": [[-0.9783494472503662, 0.2069593071937561, 1.269475404797049e-07], [0.05251744017004967, 0.2482639104127884, -0.9672677516937256], [-0.20018510520458221, -0.946325957775116, -0.25375792384147644]], "voxel": "./models/BoxB/model.mat", "id": 70}, {"iscrowd": 0, "segmentation": "./masks/BoxB/31.png", "model": "./models/BoxB/model.obj", "category_id": 2, "K": [48000.0, 960.0, 540.0], "bbox": [574.0, 805.0, 182.0, 171.0], "trans_mat": [-1.5706385374069214, 2.126934051513672, 16.082246780395508], "area": 24897, "image_id": 71, "rot_mat": [[-0.9117432832717896, 0.41075995564460754, 5.3198679239585545e-08], [0.1042335107922554, 0.23136192560195923, -0.9672676920890808], [-0.3973148763179779, -0.8819000124931335, -0.25375792384147644]], "voxel": "./models/BoxB/model.mat", "id": 71}, {"iscrowd": 0, "segmentation": "./masks/BoxB/32.png", "model": "./models/BoxB/model.obj", "category_id": 2, "K": [48000.0, 960.0, 540.0], "bbox": [514.0, 853.0, 214.0, 186.0], "trans_mat": [-1.8580560684204102, 2.3247814178466797, 15.328080177307129], "area": 30098, "image_id": 72, "rot_mat": [[-0.803408145904541, 0.5954288840293884, 4.843229817197425e-09], [0.15109483897686005, 0.20387127995491028, -0.9672677516937256], [-0.5759391188621521, -0.7771106958389282, -0.2537579834461212]], "voxel": "./models/BoxB/model.mat", "id": 72}, {"iscrowd": 0, "segmentation": "./masks/BoxB/33.png", "model": "./models/BoxB/model.obj", "category_id": 2, "K": [48000.0, 960.0, 540.0], "bbox": [539.0, 890.0, 236.0, 190.0], "trans_mat": [-1.7275590896606445, 2.466348648071289, 14.788464546203613], "area": 34122, "image_id": 73, "rot_mat": [[-0.6634805798530579, 0.748193621635437, -7.010044100752566e-08], [0.18986009061336517, 0.16836342215538025, -0.9672678112983704], [-0.7237035632133484, -0.6417633295059204, -0.25375786423683167]], "voxel": "./models/BoxB/model.mat", "id": 73}, {"iscrowd": 0, "segmentation": "./masks/BoxB/34.png", "model": "./models/BoxB/model.obj", "category_id": 2, "K": [48000.0, 960.0, 540.0], "bbox": [633.0, 900.0, 241.0, 180.0], "trans_mat": [-1.320397138595581, 2.5022084712982178, 14.65177059173584], "area": 34804, "image_id": 74, "rot_mat": [[-0.5068836808204651, 0.8620147109031677, -3.261752112848626e-08], [0.21874310076236725, 0.12862583994865417, -0.9672678709030151], [-0.8337990045547485, -0.49029213190078735, -0.2537578344345093]], "voxel": "./models/BoxB/model.mat", "id": 74}, {"iscrowd": 0, "segmentation": "./masks/BoxB/35.png", "model