{"categories": [{"id": 1, "name": "BoxA"}, {"id": 2, "name": "BoxB"}, {"id": 3, "name": "BoxC"}, {"id": 4, "name": "BoxD"}, {"id": 5, "name": "BoxF"}, {"id": 6, "name": "BoxH"}, {"id": 7, "name": "RackA"}], "annotations": [{"id": 1, "iscrowd": 0, "segmentation": "./masks/BoxA/0.png", "model": "./models/BoxA/model.obj", "category_id": 1, "K": [2666.6666666666665, 960.0, 540.0], "bbox": [914.0, 753.0, 115.0, 166.0], "trans_mat": [-0.27420637011528015, 2.1098291873931885, 16.968524932861328], "area": 17735, "image_id": 1, "rot_mat": [[-1.434465985994393e-07, 1.0000001192092896, -3.238072920908053e-08], [0.18051902949810028, 8.948936880415204e-08, -0.9835715889930725], [-0.9835715889930725, -3.238072920908053e-08, -0.18051891028881073]], "voxel": "./models/BoxA/model.mat"}, {"id": 2, "iscrowd": 0, "segmentation": "./masks/BoxA/1.png", "model": "./models/BoxA/model.obj", "category_id": 1, "K": [2666.6666666666665, 960.0, 540.0], "bbox": [922.0, 769.0, 121.0, 170.0], "trans_mat": [-0.23278120160102844, 2.186302423477173, 16.61408805847168], "area": 18724, "image_id": 2, "rot_mat": [[0.03227639198303223, 0.9994790554046631, 1.0585978316157707e-08], [0.16923415660858154, -0.005465056747198105, -0.9855607748031616], [-0.9850472807884216, 0.03181040287017822, -0.16932231187820435]], "voxel": "./models/BoxA/model.mat"}, {"id": 3, "iscrowd": 0, "segmentation": "./masks/BoxB/0.png", "model": "./models/BoxB/model.obj", "category_id": 2, "K": [2666.6666666666665, 960.0, 540.0], "bbox": [915.0, 786.0, 167.0, 122.0], "trans_mat": [-0.27420637011528015, 2.1098291873931885, 16.968524932861328], "area": 20273, "image_id": 3, "rot_mat": [[-1.434465985994393e-07, 1.0000001192092896, -3.238072920908053e-08], [0.18051902949810028, 8.948936880415204e-08, -0.9835715889930725], [-0.9835715889930725, -3.238072920908053e-08, -0.18051891028881073]], "voxel": "./models/BoxB/model.mat"}, {"id": 4, "iscrowd": 0, "segmentation": "./masks/BoxB/1.png", "model": "./models/BoxB/model.obj", "category_id": 2, "K": [2666.6666666666665, 960.0, 540.0], "bbox": [923.0, 802.0, 173.0, 126.0], "trans_mat": [-0.23278120160102844, 2.186302423477173, 16.61408805847168], "area": 21271, "image_id": 4, "rot_mat": [[0.03227639198303223, 0.9994790554046631, 1.0585978316157707e-08], [0.16923415660858154, -0.005465056747198105, -0.9855607748031616], [-0.9850472807884216, 0.03181040287017822, -0.16932231187820435]], "voxel": "./models/BoxB/model.mat"}, {"id": 5, "iscrowd": 0, "segmentation": "./masks/BoxC/0.png", "model": "./models/BoxC/model.obj", "category_id": 3, "K": [2666.6666666666665, 960.0, 540.0], "bbox": [914.0, 782.0, 234.0, 140.0], "trans_mat": [-0.27420637011528015, 2.1098291873931885, 16.968524932861328], "area": 32393, "image_id": 5, "rot_mat": [[-1.434465985994393e-07, 1.0000001192092896, -3.238072920908053e-08], [0.18051902949810028, 8.948936880415204e-08, -0.9835715889930725], [-0.9835715889930725, -3.238072920908053e-08, -0.18051891028881073]], "voxel": "./models/BoxC/model.mat"}, {"id": 6, "iscrowd": 0, "segmentation": "./masks/BoxC/1.png", "model": "./models/BoxC/model.obj", "category_id": 3, "K": [2666.6666666666665, 960.0, 540.0], "bbox": [922.0, 797.0, 242.0, 144.0], "trans_mat": [-0.23278120160102844, 2.186302423477173, 16.61408805847168], "area": 33729, "image_id": 6, "rot_mat": [[0.03227639198303223, 0.9994790554046631, 1.0585978316157707e-08], [0.16923415660858154, -0.005465056747198105, -0.9855607748031616], [-0.9850472807884216, 0.03181040287017822, -0.16932231187820435]], "voxel": "./models/BoxC/model.mat"}, {"id": 7, "iscrowd": 0, "segmentation": "./masks/BoxD/0.png", "model": "./models/BoxD/model.obj", "category_id": 4, "K": [2666.6666666666665, 960.0, 540.0], "bbox": [914.0, 776.0, 137.0, 145.0], "trans_mat": [-0.27420637011528015, 2.1098291873931885, 16.968524932861328], "area": 19646, "image_id": 7, "rot_mat": [[-1.434465985994393e-07, 1.0000001192092896, -3.238072920908053e-08], [0.18051902949810028, 8.948936880415204e-08, -0.9835715889930725], [-0.9835715889930725, -3.238072920908053e-08, -0.18051891028881073]], "voxel": "./models/BoxD/model.mat"}, {"id": 8, "iscrowd": 0, "segmentation": "./masks/BoxD/1.png", "model": "./models/BoxD/model.obj", "category_id": 4, "K": [2666.6666666666665, 960.0, 540.0], "bbox": [922.0, 792.0, 143.0, 149.0], "trans_mat": [-0.23278120160102844, 2.186302423477173, 16.61408805847168], "area": 20621, "image_id": 8, "rot_mat": [[0.03227639198303223, 0.9994790554046631, 1.0585978316157707e-08], [0.16923415660858154, -0.005465056747198105, -0.9855607748031616], [-0.9850472807884216, 0.03181040287017822, -0.16932231187820435]], "voxel": "./models/BoxD/model.mat"}, {"id": 9, "iscrowd": 0, "segmentation": "./masks/BoxF/0.png", "model": "./models/BoxF/model.obj", "category_id": 5, "K": [2666.6666666666665, 960.0, 540.0], "bbox": [914.0, 758.0, 136.0, 160.0], "trans_mat": [-0.27420637011528015, 2.1098291873931885, 16.968524932861328], "area": 21470, "image_id": 9, "rot_mat": [[-1.434465985994393e-07, 1.0000001192092896, -3.238072920908053e-08], [0.18051902949810028, 8.948936880415204e-08, -0.9835715889930725], [-0.9835715889930725, -3.238072920908053e-08, -0.18051891028881073]], "voxel": "./models/BoxF/model.mat"}, {"id": 10, "iscrowd": 0, "segmentation": "./masks/BoxF/1.png", "model": "./models/BoxF/model.obj", "category_id": 5, "K": [2666.6666666666665, 960.0, 540.0], "bbox": [922.0, 774.0, 141.0, 164.0], "trans_mat": [-0.23278120160102844, 2.186302423477173, 16.61408805847168], "area": 22603, "image_id": 10, "rot_mat": [[0.03227639198303223, 0.9994790554046631, 1.0585978316157707e-08], [0.16923415660858154, -0.005465056747198105, -0.9855607748031616], [-0.9850472807884216, 0.03181040287017822, -0.16932231187820435]], "voxel": "./models/BoxF/model.mat"}, {"id": 11, "iscrowd": 0, "segmentation": "./masks/BoxH/0.png", "model": "./models/BoxH/model.obj", "category_id": 6, "K": [2666.6666666666665, 960.0, 540.0], "bbox": [916.0, 819.0, 62.0, 76.0], "trans_mat": [-0.27420637011528015, 2.1098291873931885, 16.968524932861328], "area": 4564, "image_id": 11, "rot_mat": [[-1.434465985994393e-07, 1.0000001192092896, -3.238072920908053e-08], [0.18051902949810028, 8.948936880415204e-08, -0.9835715889930725], [-0.9835715889930725, -3.238072920908053e-08, -0.18051891028881073]], "voxel": "./models/BoxH/model.mat"}, {"id": 12, "iscrowd": 0, "segmentation": "./masks/BoxH/1.png", "model": "./models/BoxH/model.obj", "category_id": 6, "K": [2666.6666666666665, 960.0, 540.0], "bbox": [923.0, 836.0, 65.0, 78.0], "trans_mat": [-0.23278120160102844, 2.186302423477173, 16.61408805847168], "area": 4833, "image_id": 12, "rot_mat": [[0.03227639198303223, 0.9994790554046631, 1.0585978316157707e-08], [0.16923415660858154, -0.005465056747198105, -0.9855607748031616], [-0.9850472807884216, 0.03181040287017822, -0.16932231187820435]], "voxel": "./models/BoxH/model.mat"}, {"id": 13, "iscrowd": 0, "segmentation": "./masks/RackA/0.png", "model": "./models/RackA/model.obj", "category_id": 7, "K": [2666.6666666666665, 960.0, 540.0], "bbox": [457.0, 90.0, 910.0, 824.0], "trans_mat": [-0.27420637011528015, 2.1098291873931885, 16.968524932861328], "area": 218081, "image_id": 13, "rot_mat": [[-1.434465985994393e-07, 1.0000001192092896, -3.238072920908053e-08], [0.18051902949810028, 8.948936880415204e-08, -0.9835715889930725], [-0.9835715889930725, -3.238072920908053e-08, -0.18051891028881073]], "voxel": "./models/RackA/model.mat"}, {"id": 14, "iscrowd": 0, "segmentation": "./masks/RackA/1.png", "model": "./models/RackA/model.obj", "category_id": 7, "K": [2666.6666666666665, 960.0, 540.0], "bbox": [457.0, 94.0, 928.0, 844.0], "trans_mat": [-0.23278120160102844, 2.186302423477173, 16.61408805847168], "area": 221083, "image_id": 14, "rot_mat": [[0.03227639198303223, 0.9994790554046631, 1.0585978316157707e-08], [0.16923415660858154, -0.005465056747198105, -0.9855607748031616], [-0.9850472807884216, 0.03181040287017822, -0.16932231187820435]], "voxel": "./models/RackA/model.mat"}], "licenses": "", "images": [{"height": 1080, "width": 1920, "id": 1, "file_name": "./Images/BoxA/0.png"}, {"height": 1080, "width": 1920, "id": 2, "file_name": "./Images/BoxA/1.png"}, {"height": 1080, "width": 1920, "id": 3, "file_name": "./Images/BoxB/0.png"}, {"height": 1080, "width": 1920, "id": 4, "file_name": "./Images/BoxB/1.png"}, {"height": 1080, "width": 1920, "id": 5, "file_name": "./Images/BoxC/0.png"}, {"height": 1080, "width": 1920, "id": 6, "file_name": "./Images/BoxC/1.png"}, {"height": 1080, "width": 1920, "id": 7, "file_name": "./Images/BoxD/0.png"}, {"height": 1080, "width": 1920, "id": 8, "file_name": "./Images/BoxD/1.png"}, {"height": 1080, "width": 1920, "id": 9, "file_name": "./Images/BoxF/0.png"}, {"height": 1080, "width": 1920, "id": 10, "file_name": "./Images/BoxF/1.png"}, {"height": 1080, "width": 1920, "id": 11, "file_name": "./Images/BoxH/0.png"}, {"height": 1080, "width": 1920, "id": 12, "file_name": "./Images/BoxH/1.png"}, {"height": 1080, "width": 1920, "id": 13, "file_name": "./Images/RackA/0.png"}, {"height": 1080, "width": 1920, "id": 14, "file_name": "./Images/RackA/1.png"}], "info": {"url": "", "contributer": "", "year": "2020", "description": ""}}